x_offset: -0.011454852090570507
y_offset: 0.008413573239234695
z_offset: -0.006587206571313125
